0.12657020831350382, 2.374563012950926e-8
0.13491675835794095, 2.867164088525521e-8
0.1405125331854977, 3.203570639985936e-8
0.15065056879548266, 3.943783856035367e-8
0.16111869177788107, 4.7468918111593606e-8
0.16907593559161668, 5.322954436158545e-8
0.181406429426685, 6.304618235913267e-8
0.19463617055962962, 7.492265235961477e-8
0.20522511100624796, 8.511396226906326e-8
0.2197130658643559, 1.0055311459682913e-7
0.23831655666434987, 1.2403412935854177e-7
0.25452418456723563, 1.4533340064918944e-7
0.26765810727250133, 1.650446324652604e-7
0.286969747033828, 1.9934446374539998e-7
0.30722849958259474, 2.3687710439299795e-7
0.32136727293172257, 2.6639890340236754e-7
0.3435553414141789, 3.2432441562316564e-7
0.3649978950509657, 3.828084212508517e-7
0.3825083572549655, 4.3353112650900036e-7
0.4112986606922702, 5.345431978576025e-7
0.43842135331022764, 6.332506306024455e-7
0.4579325543156138, 7.049995649990303e-7
0.48954946036459945, 8.519929419717146e-7
0.5241094147863442, 0.0000010112495519660299
0.5498228231033532, 0.0000011288905247830185
0.5894927602501383, 0.0000013547663427033535
0.6295834675149123, 0.0000015868705578434903
0.6620711488443445, 0.0000017989788646229115
0.7098398477010268, 0.0000021707170165578065
0.7599512966341239, 0.0000025831095168474214
0.8012955082431563, 0.0000029468037248829936
0.8597329747571676, 0.0000034647426746479748
0.9204261933756704, 0.000004023622985542176
0.9655833568767058, 0.000004486994990463705
1.0412782408295045, 0.000005307164427052714
1.1154813625662212, 0.000006084360146531437
1.1762896880925777, 0.000006729747673963208
1.2685024533612839, 0.000007896937648421999
1.3543973288812565, 0.000008937013790103515
1.432975641573337, 0.000009958733137861379
1.5543082034751534, 0.000011750031810956326
1.6595560169921102, 0.00001317363680209201
1.7660619964512265, 0.000014500704401921839
1.9267509667225273, 0.0000168409543912418
2.057218222821309, 0.000018687045505085488
2.1892451261251478, 0.000020422213529733258
2.3884383286828186, 0.000023466365908760216
2.545941585602686, 0.000025700491800242916
2.7138312425574447, 0.00002796198557218735
2.9168836854187523, 0.00003087420159324792
3.0657048046070505, 0.00003287438347677027
3.34464458656147, 0.000036630989774482114
3.565203940887923, 0.00003949643594194289
3.800307868642704, 0.000042273392166912707
4.0903019209394165, 0.00004569920122676897
4.305533098284421, 0.00004789412755035303
4.71093625021043, 0.000052220587299143696
4.969392193423771, 0.00005444644890068094
5.352738575656676, 0.00005757019944990817
5.70571974706983, 0.00005997288867186401
6.081977920640132, 0.00006255527482402833
6.551150837960521, 0.00006591273339150344
6.910566414616293, 0.00006854433861779178
7.583236400672058, 0.00007381766347136441
7.999275254192501, 0.00007655451595833126
8.616351369303302, 0.00007929775298666958
9.152611288558264, 0.00008165952042114021
9.790214493737164, 0.0000843447264810845
10.472235388517142, 0.00008666783828073743
11.124000835765752, 0.00008855789592969858
11.982122978346853, 0.00009060548528657178
12.639497803983382, 0.00009262781924977286
13.950574025524107, 0.00009616661757582724
14.71594391733135, 0.00009774518610288039
15.851153947507008, 0.0001004329938647104
16.837689683070376, 0.00010167332664539353
18.01066257258382, 0.00010243920621264555
19.26534889341893, 0.00010382632825148743
20.464375488226757, 0.0001047246995734664
22.036630525257525, 0.00010553729321372467
23.25237411091294, 0.00010697960764522432
25.813736363683297, 0.00010913250546450806
27.237859909702635, 0.00011106753689075185
29.330514164683695, 0.00011336758793504229
31.264686570391003, 0.00011523851498107778
33.32640610582112, 0.00011616223201639888
35.64804117588345, 0.0001170907921016687
37.86668510801024, 0.00011803193814515826
40.787778106570116, 0.00011897023935533446
43.025516658357816, 0.00011993173840130505
47.488489213525284, 0.00012207028629666632
50.093848662172036, 0.00012390394267105295
53.95816343333839, 0.00012384613890211577
56.93499289974162, 0.00012432450747291974
61.30924460468261, 0.00012583952247360023
65.35222347860635, 0.00012578906969891595
69.66181268642652, 0.00012602649905694996
75.01385169430823, 0.00012753794820806206
77.78567934972054, 0.0001277764553828663

